4294967294,12
4294967294,104
4294967294,168
4294967279,538
4294967279,537
4294967278,251
4294967278,314
4294967279,536
4294967278,247
97,9
97,0
4294967278,195
97,8
97,7
4294967279,186
4294967278,177
4294967278,176
4294967279,176
4294967279,171
4294967279,170
4294967279,168
4294967279,167
4294967278,165
4294967279,166
4294967279,155
4294967279,151
4294967279,150
4294967279,148
4294967279,147
4294967279,146
4294967279,136
4294967279,275
4294967279,274
4294967279,272
4294967279,271
4294967279,259
4294967278,319
4294967278,236
4294967278,228
4294967278,132
4294967278,131
4294967278,130
4294967278,126
4294967278,119
4294967278,116
4294967278,107
4294967278,98
4294967278,84
4294967278,83
4294967278,69
4294967278,68
4294967278,67
4294967278,521
4294967278,60
4294967278,59
4294967278,58
4294967278,554
4294967278,56
4294967278,55
4294967279,71
4294967279,69
4294967279,68
4294967279,304
4294967279,67
4294967279,66
4294967279,441
4294967279,63
4294967279,62
4294967279,61
4294967279,60
4294967279,377
4294967279,58
4294967279,52
4294967279,50
4294967279,340
4294967279,49
4294967279,48
4294967279,47
4294967279,44
4294967279,43
4294967279,374
4294967279,42
4294967279,41
4294967279,39
4294967279,33
4294967279,31
4294967279,30
4294967279,29
4294967279,28
4294967279,278
4294967279,25
4294967279,519
4294967279,24
4294967279,276
4294967279,23
4294967279,134
4294967279,22
4294967279,289
4294967279,20
4294967279,394
4294967279,14
4294967279,381
4294967279,12
4294967279,285
4294967279,11
4294967279,10
4294967279,9
4294967279,6
4294967279,5
4294967279,4
97,6
4294967279,380
4294967278,341
4294967279,535
4294967294,1480
4294967294,1473
97,5
97,4
97,3
97,2
97,1
4294967278,194
4294967278,193
4294967278,192
4294967278,189
4294967278,338
95,6
4294967279,65
4294967278,73
4294967278,567
4294967279,372
4294967278,72
4294967279,72
4294967279,355
4294967279,185
4294967294,163
4294967294,438
4294967294,176
4294967278,333
4294967279,70
4294967279,184
4294967279,365
4294967279,183
4294967279,182
4294967279,179
4294967279,181
95,5
4294967278,179
95,4
4294967279,180
95,3
95,2
95,1
4294967279,364
4294967278,178
4294967278,544
4294967294,389
4294967279,64
4294967279,178
4294967279,442
4294967278,337
4294967279,177
4294967279,59
4294967279,175
4294967279,173
4294967279,406
4294967279,172
4294967279,56
4294967279,169
4294967279,57
4294967279,376
93,6
4294967279,55
4294967279,399
4294967279,46
4294967278,54
4294967279,54
4294967279,362
4294967279,363
4294967279,53
4294967279,375
4294967278,164
4294967279,165
4294967278,163
4294967279,51
4294967279,164
4294967279,383
4294967279,163
4294967279,162
4294967279,159
4294967279,161
93,5
93,4
4294967279,160
93,3
93,2
93,1
4294967279,361
4294967294,397
4294967294,400
4294967294,186
4294967294,386
4294967294,925
4294967294,178
4294967294,425
4294967294,420
4294967294,398
4294967294,384
4294967294,416
4294967294,1566
4294967294,160
4294967294,110
4294967279,45
4294967279,158
4294967279,157
4294967279,156
4294967279,40
4294967279,154
4294967279,153
4294967279,520
4294967294,1570
4294967279,152
4294967279,37
4294967279,149
4294967279,38
4294967279,296
4294967279,384
91,6
4294967279,36
4294967279,339
4294967279,27
4294967279,35
4294967279,338
4294967279,34
4294967279,373
4294967279,145
4294967279,32
4294967279,144
4294967279,294
4294967279,143
4294967279,142
4294967279,139
4294967279,141
91,5
91,4
4294967279,140
91,3
91,2
91,1
4294967279,359
4294967279,26
4294967279,279
4294967279,138
4294967279,137
4294967279,21
4294967279,135
4294967279,133
4294967279,290
4294967279,292
4294967279,18
4294967279,273
4294967279,19
4294967279,368
4294967279,291
89,6
4294967279,17
4294967279,518
4294967279,8
4294967279,16
4294967279,15
4294967279,324
4294967279,269
4294967278,335
4294967279,13
4294967279,286
4294967279,268
4294967279,267
4294967279,266
4294967279,263
4294967279,265
89,5
89,4
4294967279,264
89,3
89,2
89,1
4294967279,337
4294967279,262
4294967279,534
4294967279,7
4294967279,284
4294967279,258
4294967278,527
4294967278,526
4294967278,524
4294967278,129
4294967278,256
4294967278,128
4294967278,318
4294967278,127
4294967278,317
4294967278,541
4294967294,392
4294967278,316
4294967278,254
4294967278,253
4294967278,252
87,6
87,5
87,4
87,3
87,2
87,1
4294967279,533
4294967294,1770
4294967278,118
4294967278,117
4294967279,532
4294967294,1
4294967294,1569
4294967278,238
4294967279,531
4294967278,237
4294967278,232
4294967278,230
4294967278,106
4294967278,226
4294967294,89
4294967278,220
4294967278,218
84,4
84,3
84,2
84,1
4294967279,530
4294967278,216
4294967278,214
4294967278,574
4294967294,423
4294967278,313
4294967278,99
4294967278,312
4294967294,38
4294967294,1348
4294967294,1394
4294967278,97
4294967278,208
4294967278,207
4294967278,206
83,5
83,4
4294967278,205
83,3
83,2
83,1
4294967294,9
4294967278,350
4294967294,107
4294967278,203
4294967278,202
0,7
4294967294,2
4294967294,0
0,5
4294967294,17
4294967294,99
4294967294,41
4294967278,557
4294967294,5
4294967294,92
4294967294,90
4294967294,86
4294967294,1772
4294967294,28
4294967294,1759
4294967294,27
4294967294,26
4294967294,387
4294967294,46
4294967294,53
4294967294,45
4294967294,96
4294967294,94
4294967278,85
4294967278,556
4294967294,93
4294967294,95
4294967294,67
4294967294,43
4294967294,51
4294967294,25
4294967294,1355
4294967278,346
4294967279,529
4294967279,0
4294967294,7
81,5
81,4
81,3
81,2
81,1
79,4
79,3
79,2
79,1
78,4
78,3
78,2
78,1
77,6
4294967294,794
4294967294,1568
77,5
77,4
77,3
77,2
77,1
4294967278,334
4294967279,528
76,5
76,4
76,3
76,2
76,1
4294967279,527
75,4
75,3
75,2
75,1
4294967278,330
73,5
73,4
73,3
73,2
73,1
72,4
72,3
72,2
72,1
4294967278,329
4294967294,1567
4294967278,327
4294967278,323
4294967279,526
4294967278,326
4294967278,322
4294967294,1539
4294967279,515
4294967278,357
4294967293,131
4294967293,130
4294967293,129
4294967293,128
4294967293,127
4294967293,126
4294967293,125
4294967293,124
4294967293,123
4294967293,122
4294967293,121
4294967293,120
4294967293,119
4294967293,118
4294967293,117
4294967293,116
4294967293,115
4294967293,114
4294967293,113
4294967293,112
4294967293,111
4294967293,110
4294967293,109
4294967293,108
4294967293,107
4294967293,106
4294967293,105
4294967293,104
4294967293,103
4294967293,102
4294967293,101
4294967293,100
4294967293,99
4294967293,98
4294967293,97
4294967293,96
4294967293,95
4294967293,94
4294967293,93
4294967293,92
4294967293,91
4294967293,90
4294967293,89
4294967293,88
4294967293,87
4294967293,86
4294967293,85
4294967293,84
4294967293,83
4294967293,82
4294967293,81
4294967293,80
4294967293,79
4294967293,78
4294967293,77
4294967293,76
4294967293,75
4294967293,74
4294967293,73
4294967293,72
4294967293,71
4294967293,70
4294967293,69
4294967293,68
4294967293,67
4294967293,66
4294967293,65
4294967293,64
4294967293,63
4294967293,62
4294967293,61
4294967293,60
4294967293,59
4294967293,58
4294967293,57
4294967293,56
4294967293,55
4294967293,54
4294967293,53
4294967293,52
4294967293,51
4294967293,50
4294967293,49
4294967293,48
4294967293,47
4294967293,46
4294967293,45
4294967293,44
4294967293,43
4294967293,42
4294967293,41
4294967293,40
4294967293,39
4294967293,38
4294967293,37
4294967293,36
4294967293,35
4294967293,34
4294967293,33
4294967293,32
4294967293,31
4294967293,30
4294967293,29
4294967293,28
4294967293,27
4294967293,26
4294967293,25
4294967293,24
4294967293,23
4294967293,22
4294967293,21
4294967293,20
4294967293,19
4294967293,18
4294967293,17
4294967293,16
4294967293,15
4294967293,14
4294967293,13
4294967293,12
4294967293,11
4294967293,10
4294967293,9
4294967293,8
4294967293,7
4294967293,6
4294967293,5
4294967293,4
4294967293,3
4294967293,2
4243767290,0
4243767289,0
4243767288,0
4243767287,0
4243767286,0
4243767285,0
4243767284,0
4243767283,0
4243767282,0
4243767281,0
4294967293,0
4294967278,162
4294967278,50
4294967278,533
4294967278,161
4294967278,49
4294967278,301
4294967278,160
4294967278,48
4294967278,553
4294967278,159
4294967278,47
4294967278,300
4294967278,158
4294967278,46
4294967278,299
4294967278,157
4294967278,45
4294967278,298
4294967278,156
4294967278,44
4294967278,339
4294967278,155
4294967278,43
4294967278,552
4294967278,154
4294967278,42
4294967278,532
4294967278,153
4294967278,41
4294967278,570
4294967278,152
4294967278,40
4294967278,297
4294967278,151
4294967278,39
4294967278,514
4294967278,150
4294967278,38
4294967278,149
4294967278,37
4294967278,148
4294967278,36
4294967278,336
4294967278,147
4294967278,35
4294967278,530
4294967278,146
4294967278,34
4294967278,561
4294967278,145
4294967278,33
4294967278,294
4294967278,144
4294967278,32
4294967278,551
4294967278,143
4294967278,31
4294967278,293
4294967278,142
4294967278,30
4294967278,292
4294967278,141
4294967278,29
4294967278,550
4294967278,140
4294967278,28
4294967278,139
4294967278,27
4294967278,549
4294967278,138
4294967278,26
4294967278,276
4294967278,137
4294967278,25
4294967278,560
4294967278,136
4294967278,24
4294967278,275
4294967278,135
4294967278,23
4294967278,272
4294967278,134
4294967278,22
4294967278,274
